ticker,DHR US Equity,EW UN Equity,HIG US EQUITY,NDAQ US EQUITY,PANW US EQUITY,TDY US EQUITY,VRTX US Equity
DHR US Equity,1.0,0.2135396282324217,0.2517163757168982,0.3641952311081187,0.1973261037584517,0.3649018143511028,0.2249520220835915
EW UN Equity,0.2135396282324217,1.0,0.15731700976321494,0.12512390976380489,0.17152803731712674,0.22464527165487305,0.09289194848409266
HIG US EQUITY,0.2517163757168982,0.15731700976321494,1.0,0.37264954444355247,0.12231952150038988,0.38721174598873853,0.1291850813122424
NDAQ US EQUITY,0.3641952311081187,0.12512390976380489,0.37264954444355247,1.0,0.2375646823738367,0.40933388618327,0.1740160981322913
PANW US EQUITY,0.1973261037584517,0.17152803731712674,0.12231952150038988,0.2375646823738367,1.0,0.24868837217276932,0.17329528930090446
TDY US EQUITY,0.3649018143511028,0.22464527165487305,0.38721174598873853,0.40933388618327,0.24868837217276932,1.0,0.1711378876782485
VRTX US Equity,0.2249520220835915,0.09289194848409266,0.1291850813122424,0.1740160981322913,0.17329528930090446,0.1711378876782485,1.0
